True
True
True
True
True
True
True
True
True
True
True
True
True
True
True
True
True
True
4398 6 3383 383 578 193 1802 1505 1367 1693 1091 2271 1025 151 399 2696 735 2783 1018 3294 1195 1336 1398 3122 469 742 2961 773 987 2214 1219 436 1068 274 1881 600 855 814 1847 1255 1181 2179 3144 2066 257 523 1709 3044 1117 745 2163 2676 2189 2449 564 2022 2645 799 1876 1729 3159 2994 2359 812 1108 2410 382 2710 3200 2037 3198 1472 1247 2317 2997 207 759 3410 2536 1345 1075 2033 1289 845 219 891 565 2199 223 1442 3286 919 2917 2093 2880 2676 2248 2426 2208 3145 2963 1620 1754 1922
1734 6 1545 838 1526 2245 1052 1892 1819 1058 809 2029 2385 2134 3247 1103 1964 2850 746 2183 2848 1542 402 282 3424 224 1042 2150 2484 549 2104 3093 1188 2199 2797 3207 2702 3125 2480 2177 281 2781 3089 1405 2920 2027 1254 2403 2029 1954 593 2387 2437 1325 2408 1713 1980 3247 432 459 2841 3081 3064 1240 2842 1335 760 3026 712 1275 2982 990 2530 1332 1360 673 2228 2237 2905 2143 3035 1276 3203 1787 3268 730 2071 1351 3353 2386 1338 828
True
True
True
True
6233 6 1935 1937 1007 2189 223 2028 2311 2134 2324 2976 753 299 3195 2008 3230 2070 2426 1163 746 2425 1348 3079 236 3154 429 2521 2526 3382 863 395 228 143 851 2331 1100 279 3413 1487 2549 1370 2448 2412 1957 1509 1020 1428 203 3070 1444 1758 186 1025 1413 701 2700 1784 2685 3327 2309 2638 1283 1384 594 1983 2208 623 3289 1180 2531 1791 1906 2638 2218 654 1371 761 2756 1068 2687 1689 2715
True
9780 3 1471 2925 2697 858 632 1936 2301 1419 881 3246 583 2283 2695 2807 2887 2828 2219 2901 742 581 1328 3310 3323 3239 1525 1827 2240 470 2465 374 462
True
1140 3 852 1633 1531 2227 1950 1435 525 217 547
5059 9 1579 2645 3392 669 386 320 3430 695 1569 2243 508 1263 2971 2130 1267 2547 206 3205 970 1936 1858 3167 1686 654 713 461 1661 621 2416 502 3367 1695 3397 1873 1870 942 2025 1233 257 323 344 734 1882 835 1230 3394 2467 2754 3287 833 2714 2382 2429 1758 1268 175 3163 1250 734 1304 166 2652 2801 1621 2964 1886 2284 2385 3140 2870 2344 2801 1410 2935 2990 289 3027 1768 193 2431 841 1193 504 1334 3387 1300 1661 2976 2408 3408 1443 3367 647 1953 3242
2276 7 1697 1317 554 438 1256 894 2189 726 1126 403 2078 3013 3097 3005 2105 539 564 1773 3213 741 3022 3092 2807 2533 2759 1846 3109 3047 2381 743 787 566 1777 1232 735 519 2400 1528 1059 3123 3309 2403 589 115 1684 2753 316 2674 2260 318 2584 1352 2367 2334
9780 3 1471 2925 2697 858 632 1936 2301 1419 881 3246 583 2283 2695 2807 2887 2828 2219 2901 742 581 1328 3310 3323 3239 1525 1827 2240 470 2465 374 462
5059 9 1579 2645 3392 669 386 320 3430 695 1569 2243 508 1263 2971 2130 1267 2547 206 3205 970 1936 1858 3167 1686 654 713 461 1661 621 2416 502 3367 1695 3397 1873 1870 942 2025 1233 257 323 344 734 1882 835 1230 3394 2467 2754 3287 833 2714 2382 2429 1758 1268 175 3163 1250 734 1304 166 2652 2801 1621 2964 1886 2284 2385 3140 2870 2344 2801 1410 2935 2990 289 3027 1768 193 2431 841 1193 504 1334 3387 1300 1661 2976 2408 3408 1443 3367 647 1953 3242
1734 6 1545 838 1526 2245 1052 1892 1819 1058 809 2029 2385 2134 3247 1103 1964 2850 746 2183 2848 1542 402 282 3424 224 1042 2150 2484 549 2104 3093 1188 2199 2797 3207 2702 3125 2480 2177 281 2781 3089 1405 2920 2027 1254 2403 2029 1954 593 2387 2437 1325 2408 1713 1980 3247 432 459 2841 3081 3064 1240 2842 1335 760 3026 712 1275 2982 990 2530 1332 1360 673 2228 2237 2905 2143 3035 1276 3203 1787 3268 730 2071 1351 3353 2386 1338 828
1734 6 1545 838 1526 2245 1052 1892 1819 1058 809 2029 2385 2134 3247 1103 1964 2850 746 2183 2848 1542 402 282 3424 224 1042 2150 2484 549 2104 3093 1188 2199 2797 3207 2702 3125 2480 2177 281 2781 3089 1405 2920 2027 1254 2403 2029 1954 593 2387 2437 1325 2408 1713 1980 3247 432 459 2841 3081 3064 1240 2842 1335 760 3026 712 1275 2982 990 2530 1332 1360 673 2228 2237 2905 2143 3035 1276 3203 1787 3268 730 2071 1351 3353 2386 1338 828
6145 7 813 1303 968 2848 696 1360 1442 2328 1658 2650 2856 1792 815 2014 2271 760 2864 782 1886 1527 2118 2321 2590 3132 790 3329 1985 133 1517 1300 2432 535 3287 2988 1701 2600 2720 3239 1190 1134 220 1212 3422 2966 1377 3135 1301 2779 1248
True
7195 7 3298 2706 3179 3176 1944 681 681 917 1606 2057 783 2127 237 1081 2038 647 2534 2506 2165 136 2247 2227 1024
True
7961 6 1912 1252 553 2093 1187 3118 1191 777 1632 2925 179 2271 3191 1504 3338 2186 265 839 571 477 486 812 2453 2247 443 3252 2988 1904 556 2327 451 1247 3262 875 1646 1031 1294 2919 1568 1560 2253 672 2421 3420 1515 3350 1662 2285 883 278 652 984 830 128 1254 2260 2064 2297 245 780 490 134 2651 473 1583 277 3046 2032 1272 2641 741 789 2453 742 1270 2837 2623 1944 1579 2101 1732 2979 2049 342 918 3233 2872 2252 479 1885 2190 2488 3085 1547 659 1773 1593 867
5975 8 906 2245 2526 2820 834 1468 1200 1800 682 264 3093 1136 2305 2265 715 562 712 3280 2991 1097 1447 556 921 1380 2578 2648 1953 109 1575 2440 2578 2535 1746 1283 821 1398 1858 2476 1913 2352 1620 277 226 2884 3273 393 2291 2130 1866 1033 1135 1922
6790 5 152 960 2257 2901 3346 1005 941 685 1277 2933 3334 482 2990 2673 493 221 857 1176 230 944 3288 2806 784 3032 3321 331 366 1309 1116 2013 3401 1578 1524 361 1192 3399 1630 1321 3010 1364 2743 2967 2620 1160 2542 529 3412 1125 316 1490 2223 349 2942 2453 2642 3120 1120 2045 3415 2614 2500 199 1749 1174 3367 2901 1773 627 3061 1689 2434 2477 856 2158 1118 165 2026 333 598 612 1685 1975 793 400 2675 247 245 2860 1964 2341 3012 1166 329 532
True
2894 6 1817 2898 2942 2914 3098 295 1309 1719 2725 3408 145 828 1151 531 1194 2135 2746 506 858 633 2917 2909 480 873 2691 2310 1293 1289 1487 2081 770 1176 2594 2004 2052 415 2490 247 495 1483
Null
127860
True
True
True
True
1420 5 2926 826 1502 689 1223
6742 6 1556 1264 2569 1549 2677 815 1800 2063 1572 342
True
True
Null
True
4201 7 2384 1984 1384 3377 635 3136 104 1386 2631 1556 124 1967 1404 961 3318 2561 1911 683 2840 1174 1701 3310 3294 2784 3378 2634 1390 928 350 1337 2259 1640 714 3294 889 2933 3213
True
True
True
1420 5 2926 826 1502 689 1223
3030 9 1953 689 2678 1807 1167 1295 3081 199 2501 2693 1320 222 1524 1382 908 1886 762 2906 1781 3058 2083 1070 2914 3099 2443 842 3326 1596 3105 2931 1992 702 2830 1479 2632 1480 2555 944
8464 6 3010 1486 1561 1422 304 3402 546 1006 616 1476 994 1711 1454 1197 1016 1442 2213 2227 203 2226 1464 2804 1398 2842 868 595 177
168141
True
9169 4 3276 429 2251 1126 1436 1063 2061 647 1083 1609 567 371 1888 1916 3011 514 2060 2422 2577 3192 3133 2760 2997 1281 1602 568 2139 371 3280 1847 2493 496 862 1709 2930 430 2174 2193 401 3071 2119 2648 2836 1017 2707 1940 373 3174 661 3386 1210 1768 1571 3159 518 1214 3100 3300 1857 1261 1035 1623 2386 1365 1854 2181 1158 2436 1391 147 2079 1013 2658 328 2742 1057 1057 435 2791 455 988 2922 1869 1336 701 3043 2475 2587 2562 570 182 3338 449 694 2240 1055 2081 262 407
1420 5 2926 826 1502 689 1223
5428 9 2175 3371 2134 141 327 1868 913 1649 2021 2234 2647 1418 2096 531 1286 3337 937 629 1264 1919 993 1658 2603 2481 403 3013 2844 1834 1932 3145 2851 2729 1832 372 2210 831 2752 2682 2671 2964 2081 3301 246 2555 1579 2066 2380 1811 1117 2323 1573 874 3196 326 675 568 2624 2894 3179 217 130 2560 501 1883 3089 2343 3400 2889 596 2120 3095 1058 1078 1377 1643 2688
True
True
True
3376 4 3293 1342 597 2834 1168 2282 1723 3117 1282 2570 633 2102 1293 1591 2339 1370 2313 2628 2051 3095 936 3209 3164 2277 3077 310 1047 2127 2021 3058 2050 329 1413 1481 1802 430 1486 1562 2248 1290 664 1087 1038 2339 2551 921 3259 1102 2704 3274 2202 3045
9169 4 3276 429 2251 1126 1436 1063 2061 647 1083 1609 567 371 1888 1916 3011 514 2060 2422 2577 3192 3133 2760 2997 1281 1602 568 2139 371 3280 1847 2493 496 862 1709 2930 430 2174 2193 401 3071 2119 2648 2836 1017 2707 1940 373 3174 661 3386 1210 1768 1571 3159 518 1214 3100 3300 1857 1261 1035 1623 2386 1365 1854 2181 1158 2436 1391 147 2079 1013 2658 328 2742 1057 1057 435 2791 455 988 2922 1869 1336 701 3043 2475 2587 2562 570 182 3338 449 694 2240 1055 2081 262 407
True
Null
Null
5309 7 2460 3073 1768 2685 766 109 2774 231 1587 975 1065 2362 172 244 1468 176 2010 1923 655 1403 2928 3302 1481 3135 1955 2048 2590 627 3355 268 426 803 1161 1718 2381 409 3218 1527 2218 2263 2884 2196 2679 838
Null
5238 5 186 852 1372 3383 376 1997 1388 2623 552 263 3410 2366 858 1989 2232 2685 2297 639 328 1724 2432 1227 1076 1457 2027 2070 821 145 2575 2743 2146 1531 555 408 510 3176 3251 1191 655 604 1080 1383 3325 2079 2182 185 3143 1798 3175 1187 946 1418 3300 1509 3029 983 2934 1181
191839
True
True
9169 4 3276 429 2251 1126 1436 1063 2061 647 1083 1609 567 371 1888 1916 3011 514 2060 2422 2577 3192 3133 2760 2997 1281 1602 568 2139 371 3280 1847 2493 496 862 1709 2930 430 2174 2193 401 3071 2119 2648 2836 1017 2707 1940 373 3174 661 3386 1210 1768 1571 3159 518 1214 3100 3300 1857 1261 1035 1623 2386 1365 1854 2181 1158 2436 1391 147 2079 1013 2658 328 2742 1057 1057 435 2791 455 988 2922 1869 1336 701 3043 2475 2587 2562 570 182 3338 449 694 2240 1055 2081 262 407
True
3163 8 2642 2057 1465 606 2772 615 1955 512 1332 2936 2349 324 677 1061 1439 1968 2815 451 3099 1417 1077 675 756 3086 217 265 3096 106 2499 614 1965 3217 2016 3032 253 1099 396 243 808 1777 1351 1391
True
Null
8705 6 995 574 1496 462 612 1252 1161 1114 961 2389 1265 1600 2958 313 948 2381 792 1019 2655 2196 1735 2220 2784 2214 2322 1929 1504 918 2455 298 943 956 576 1586 646 1695 211 2718 2865 1702 2691 2067 3027 671 2232 329 2271 2289 1375 2516 607 1591 111 3317 3229 1129 2529 2173 2174 1843 3015 3073 2344 3213 753 3226 262 876 3084 1620 1163 882 3309 3419 1551 1303 2360 441 3176 1864 305 2840 153
6996 5 1165 3119 227 2318 1628 943 2616 458 2773 2986 1722 3012 1255 2235 628 582 2783 1439 860 2529 3223 1301 2806 701 1887 1202 1242 1274 591 1784 1203
True
7242 6 3303 2104 1170 2111 1689 628 285 1202 330 202 1221 278 600 1647 517 2319 1791 3329 2010 278 3132 406 325 679 2984 126 1323 269 950 3336 947 1316 3368 3310 2963 2994 329 1190 419 3049 649 2465 614 3188 3375 2192 1424 1347 767 360 211 621 272 1789 459 1698 941 1248 3130 1706 1527 399 1358 3005 1110 1464 214 2573 323 1637 598 3180 1433 3115 1784 1201 706 2931 453 766 2227 285 3006 1625 1769 1258 2603 1774 2418
True
ERROR
True
226393
